No,frame,x,y
0,1,166,157
1,1,163,168
2,1,162,180
3,1,162,192
4,1,163,205
5,1,166,218
6,1,171,228
7,1,177,236
8,1,187,238
9,1,198,237
10,1,209,232
11,1,220,225
12,1,229,216
13,1,236,206
14,1,240,193
15,1,241,179
16,1,242,166
17,1,170,144
18,1,171,138
19,1,175,133
20,1,181,132
21,1,186,134
22,1,200,132
23,1,207,129
24,1,215,130
25,1,221,135
26,1,225,142
27,1,192,145
28,1,190,150
29,1,188,155
30,1,186,160
31,1,182,174
32,1,185,175
33,1,188,175
34,1,192,175
35,1,195,173
36,1,174,151
37,1,177,147
38,1,181,147
39,1,185,149
40,1,181,150
41,1,177,151
42,1,203,148
43,1,207,145
44,1,212,146
45,1,215,150
46,1,211,150
47,1,207,149
48,1,177,201
49,1,177,192
50,1,182,188
51,1,186,188
52,1,189,187
53,1,195,191
54,1,200,200
55,1,195,206
56,1,190,208
57,1,186,209
58,1,183,209
59,1,178,208
60,1,180,200
61,1,182,194
62,1,186,193
63,1,189,193
64,1,197,200
65,1,190,203
66,1,186,203
67,1,183,203
0,2,164,157
1,2,162,168
2,2,161,180
3,2,161,192
4,2,162,205
5,2,165,217
6,2,171,228
7,2,177,236
8,2,186,239
9,2,197,238
10,2,208,232
11,2,220,225
12,2,229,216
13,2,237,206
14,2,241,193
15,2,242,179
16,2,242,165
17,2,168,145
18,2,169,139
19,2,174,135
20,2,180,134
21,2,186,136
22,2,201,135
23,2,208,132
24,2,216,133
25,2,222,137
26,2,226,144
27,2,192,147
28,2,191,152
29,2,189,157
30,2,187,163
31,2,183,175
32,2,185,176
33,2,188,177
34,2,192,176
35,2,196,175
36,2,174,152
37,2,176,150
38,2,180,149
39,2,184,150
40,2,180,151
41,2,177,152
42,2,204,150
43,2,208,149
44,2,212,150
45,2,216,153
46,2,211,152
47,2,208,152
48,2,178,201
49,2,178,193
50,2,183,189
51,2,187,191
52,2,191,190
53,2,196,193
54,2,200,202
55,2,195,206
56,2,190,208
57,2,186,209
58,2,183,209
59,2,178,207
60,2,180,200
61,2,183,194
62,2,187,194
63,2,190,194
64,2,197,201
65,2,191,204
66,2,187,204
67,2,183,204
0,3,164,157
1,3,161,167
2,3,160,179
3,3,160,191
4,3,161,203
5,3,164,216
6,3,169,227
7,3,176,234
8,3,185,237
9,3,196,236
10,3,207,230
11,3,218,223
12,3,228,215
13,3,235,204
14,3,239,192
15,3,240,178
16,3,240,164
17,3,167,143
18,3,168,138
19,3,172,134
20,3,178,133
21,3,183,136
22,3,198,134
23,3,205,131
24,3,213,131
25,3,219,135
26,3,224,142
27,3,190,145
28,3,188,150
29,3,187,155
30,3,185,160
31,3,181,173
32,3,183,174
33,3,186,174
34,3,190,174
35,3,194,172
36,3,172,151
37,3,175,148
38,3,178,148
39,3,182,149
40,3,179,150
41,3,175,151
42,3,202,148
43,3,206,147
44,3,210,148
45,3,213,150
46,3,209,150
47,3,205,149
48,3,176,200
49,3,176,191
50,3,181,187
51,3,184,188
52,3,188,187
53,3,193,190
54,3,198,199
55,3,194,204
56,3,188,206
57,3,184,206
58,3,181,206
59,3,176,205
60,3,178,199
61,3,181,192
62,3,184,192
63,3,188,192
64,3,196,199
65,3,189,201
66,3,185,201
67,3,182,201
0,4,163,159
1,4,160,170
2,4,159,182
3,4,159,194
4,4,161,206
5,4,164,219
6,4,169,229
7,4,175,236
8,4,184,238
9,4,195,237
10,4,206,232
11,4,216,225
12,4,225,217
13,4,233,207
14,4,237,195
15,4,238,181
16,4,239,168
17,4,167,144
18,4,168,138
19,4,172,133
20,4,178,131
21,4,184,133
22,4,197,132
23,4,205,129
24,4,212,130
25,4,219,134
26,4,223,141
27,4,189,146
28,4,187,151
29,4,186,155
30,4,184,160
31,4,179,174
32,4,182,174
33,4,185,175
34,4,189,174
35,4,193,173
36,4,172,153
37,4,175,150
38,4,178,149
39,4,183,151
40,4,178,152
41,4,175,152
42,4,201,149
43,4,205,148
44,4,209,148
45,4,213,151
46,4,209,151
47,4,205,150
48,4,175,200
49,4,175,191
50,4,180,187
51,4,183,188
52,4,187,187
53,4,193,190
54,4,198,200
55,4,193,205
56,4,188,207
57,4,184,208
58,4,180,208
59,4,175,206
60,4,178,199
61,4,180,193
62,4,184,192
63,4,187,192
64,4,195,199
65,4,188,202
66,4,184,203
67,4,180,203
0,5,163,158
1,5,160,169
2,5,159,181
3,5,159,194
4,5,160,207
5,5,163,219
6,5,168,230
7,5,175,237
8,5,184,240
9,5,195,238
10,5,206,233
11,5,216,226
12,5,226,218
13,5,233,208
14,5,237,196
15,5,238,182
16,5,238,168
17,5,168,145
18,5,169,138
19,5,173,133
20,5,180,131
21,5,186,133
22,5,197,132
23,5,205,129
24,5,213,130
25,5,219,135
26,5,223,144
27,5,189,147
28,5,188,152
29,5,186,157
30,5,184,162
31,5,179,175
32,5,182,176
33,5,185,177
34,5,189,176
35,5,193,175
36,5,172,153
37,5,176,151
38,5,179,150
39,5,184,151
40,5,179,153
41,5,176,153
42,5,200,151
43,5,205,149
44,5,209,150
45,5,213,152
46,5,208,152
47,5,204,152
48,5,176,202
49,5,176,193
50,5,180,189
51,5,184,190
52,5,188,189
53,5,193,192
54,5,197,202
55,5,193,207
56,5,188,209
57,5,184,209
58,5,180,210
59,5,176,208
60,5,178,201
61,5,181,195
62,5,184,195
63,5,187,194
64,5,195,201
65,5,188,203
66,5,184,204
67,5,181,204
0,6,162,162
1,6,160,173
2,6,159,185
3,6,160,197
4,6,161,209
5,6,164,221
6,6,170,231
7,6,176,238
8,6,185,240
9,6,196,239
10,6,206,233
11,6,217,226
12,6,226,218
13,6,233,208
14,6,238,196
15,6,238,183
16,6,238,169
17,6,167,146
18,6,167,141
19,6,171,136
20,6,177,135
21,6,183,137
22,6,196,135
23,6,203,132
24,6,211,133
25,6,217,137
26,6,221,144
27,6,188,149
28,6,187,153
29,6,186,158
30,6,184,163
31,6,180,176
32,6,183,177
33,6,185,178
34,6,189,177
35,6,193,176
36,6,171,155
37,6,174,153
38,6,178,152
39,6,182,153
40,6,178,154
41,6,174,155
42,6,200,152
43,6,204,151
44,6,208,152
45,6,212,154
46,6,207,153
47,6,203,153
48,6,176,203
49,6,176,194
50,6,181,190
51,6,184,191
52,6,188,190
53,6,193,193
54,6,198,202
55,6,193,208
56,6,188,210
57,6,185,211
58,6,181,211
59,6,176,209
60,6,178,202
61,6,181,196
62,6,184,195
63,6,188,195
64,6,195,202
65,6,189,205
66,6,185,205
67,6,181,205
0,7,162,160
1,7,160,171
2,7,159,182
3,7,160,194
4,7,161,207
5,7,164,219
6,7,169,229
7,7,175,237
8,7,184,239
9,7,195,238
10,7,206,233
11,7,216,227
12,7,225,219
13,7,233,209
14,7,237,197
15,7,238,183
16,7,239,169
17,7,167,145
18,7,168,139
19,7,172,134
20,7,179,131
21,7,185,133
22,7,197,132
23,7,205,129
24,7,213,131
25,7,219,135
26,7,223,143
27,7,189,146
28,7,188,151
29,7,186,156
30,7,184,162
31,7,180,174
32,7,183,175
33,7,185,176
34,7,189,175
35,7,193,174
36,7,172,153
37,7,174,151
38,7,178,150
39,7,183,151
40,7,178,152
41,7,175,153
42,7,201,150
43,7,205,149
44,7,209,150
45,7,213,152
46,7,208,152
47,7,204,151
48,7,176,201
49,7,176,192
50,7,181,188
51,7,184,189
52,7,188,188
53,7,193,192
54,7,198,201
55,7,193,206
56,7,188,208
57,7,184,209
58,7,180,209
59,7,176,207
60,7,178,200
61,7,181,194
62,7,184,194
63,7,187,194
64,7,195,200
65,7,188,203
66,7,184,204
67,7,181,203
0,8,163,160
1,8,160,171
2,8,160,183
3,8,160,195
4,8,161,207
5,8,164,219
6,8,170,230
7,8,176,237
8,8,186,239
9,8,196,237
10,8,207,232
11,8,218,226
12,8,227,218
13,8,235,208
14,8,239,195
15,8,240,181
16,8,240,168
17,8,167,144
18,8,168,139
19,8,172,135
20,8,177,133
21,8,183,135
22,8,199,133
23,8,206,130
24,8,213,131
25,8,219,135
26,8,223,142
27,8,189,146
28,8,188,151
29,8,187,156
30,8,185,162
31,8,181,174
32,8,184,175
33,8,186,176
34,8,190,175
35,8,194,173
36,8,172,152
37,8,174,149
38,8,178,149
39,8,182,149
40,8,178,151
41,8,174,152
42,8,202,148
43,8,206,147
44,8,210,148
45,8,213,151
46,8,209,150
47,8,205,149
48,8,177,202
49,8,176,193
50,8,181,188
51,8,185,189
52,8,189,188
53,8,194,191
54,8,198,200
55,8,194,205
56,8,189,207
57,8,185,208
58,8,181,208
59,8,177,207
60,8,179,201
61,8,182,194
62,8,185,194
63,8,189,193
64,8,196,200
65,8,189,202
66,8,185,203
67,8,182,203
0,9,165,159
1,9,162,170
2,9,161,182
3,9,161,194
4,9,163,207
5,9,165,219
6,9,170,230
7,9,177,237
8,9,186,240
9,9,197,239
10,9,208,233
11,9,220,226
12,9,229,218
13,9,237,208
14,9,241,194
15,9,241,180
16,9,241,166
17,9,168,144
18,9,168,137
19,9,173,132
20,9,178,131
21,9,184,133
22,9,199,131
23,9,207,128
24,9,215,130
25,9,220,135
26,9,224,143
27,9,191,146
28,9,189,152
29,9,188,157
30,9,186,163
31,9,182,175
32,9,185,177
33,9,187,177
34,9,191,177
35,9,195,175
36,9,174,152
37,9,176,147
38,9,180,147
39,9,184,150
40,9,180,151
41,9,176,151
42,9,203,149
43,9,206,146
44,9,211,146
45,9,214,150
46,9,210,150
47,9,206,149
48,9,178,202
49,9,178,194
50,9,183,190
51,9,186,191
52,9,190,190
53,9,195,194
54,9,200,202
55,9,195,207
56,9,190,209
57,9,186,210
58,9,182,210
59,9,178,208
60,9,180,201
61,9,183,196
62,9,186,196
63,9,190,196
64,9,197,201
65,9,190,204
66,9,186,204
67,9,183,204
0,10,164,159
1,10,161,170
2,10,160,182
3,10,161,194
4,10,162,207
5,10,165,219
6,10,170,229
7,10,177,236
8,10,186,238
9,10,196,237
10,10,208,232
11,10,218,225
12,10,227,217
13,10,235,207
14,10,239,194
15,10,239,180
16,10,239,166
17,10,168,144
18,10,168,137
19,10,172,132
20,10,178,130
21,10,184,132
22,10,198,131
23,10,206,127
24,10,214,129
25,10,220,134
26,10,224,142
27,10,190,145
28,10,188,150
29,10,187,155
30,10,185,161
31,10,181,174
32,10,184,175
33,10,187,175
34,10,190,175
35,10,194,173
36,10,172,151
37,10,175,146
38,10,179,146
39,10,183,149
40,10,179,150
41,10,175,151
42,10,202,147
43,10,206,144
44,10,210,145
45,10,214,149
46,10,210,149
47,10,205,148
48,10,177,201
49,10,177,192
50,10,182,187
51,10,185,188
52,10,188,187
53,10,194,191
54,10,199,200
55,10,194,205
56,10,189,207
57,10,185,208
58,10,181,208
59,10,177,206
60,10,179,200
61,10,182,193
62,10,185,193
63,10,188,193
64,10,196,199
65,10,189,202
66,10,185,202
67,10,182,202
0,11,163,160
1,11,161,171
2,11,160,182
3,11,161,194
4,11,162,207
5,11,165,219
6,11,170,230
7,11,177,237
8,11,186,239
9,11,196,238
10,11,207,233
11,11,218,226
12,11,227,217
13,11,235,208
14,11,239,195
15,11,240,181
16,11,240,166
17,11,167,144
18,11,167,137
19,11,171,132
20,11,177,131
21,11,183,133
22,11,198,131
23,11,205,128
24,11,213,129
25,11,219,134
26,11,223,142
27,11,189,145
28,11,188,151
29,11,186,157
30,11,185,163
31,11,181,174
32,11,183,175
33,11,186,176
34,11,190,175
35,11,193,173
36,11,172,151
37,11,174,147
38,11,178,146
39,11,182,149
40,11,178,150
41,11,175,150
42,11,201,148
43,11,205,145
44,11,209,145
45,11,213,149
46,11,209,149
47,11,205,148
48,11,177,201
49,11,176,192
50,11,181,189
51,11,185,189
52,11,188,189
53,11,194,192
54,11,199,201
55,11,194,206
56,11,188,208
57,11,185,209
58,11,181,209
59,11,177,207
60,11,178,200
61,11,182,194
62,11,185,194
63,11,188,194
64,11,196,200
65,11,189,203
66,11,185,204
67,11,182,204
0,12,163,161
1,12,160,172
2,12,160,184
3,12,160,196
4,12,162,209
5,12,165,221
6,12,170,231
7,12,177,238
8,12,186,239
9,12,197,238
10,12,208,232
11,12,219,225
12,12,228,217
13,12,235,207
14,12,239,194
15,12,239,179
16,12,239,165
17,12,166,145
18,12,166,138
19,12,170,133
20,12,176,131
21,12,182,133
22,12,197,131
23,12,205,128
24,12,212,129
25,12,218,133
26,12,222,141
27,12,189,146
28,12,187,152
29,12,186,157
30,12,185,163
31,12,181,175
32,12,183,176
33,12,186,176
34,12,190,175
35,12,193,174
36,12,171,152
37,12,174,148
38,12,177,147
39,12,182,150
40,12,177,151
41,12,174,152
42,12,201,148
43,12,205,145
44,12,209,146
45,12,212,150
46,12,208,150
47,12,204,149
48,12,177,202
49,12,177,193
50,12,182,189
51,12,185,190
52,12,189,189
53,12,194,192
54,12,199,201
55,12,194,207
56,12,189,209
57,12,185,209
58,12,181,210
59,12,177,208
60,12,179,201
61,12,182,195
62,12,185,194
63,12,189,194
64,12,196,201
65,12,189,204
66,12,185,204
67,12,182,204
0,13,163,161
1,13,161,172
2,13,160,184
3,13,161,196
4,13,162,208
5,13,165,220
6,13,170,231
7,13,177,238
8,13,186,240
9,13,197,239
10,13,208,234
11,13,219,227
12,13,228,218
13,13,236,208
14,13,239,195
15,13,240,181
16,13,239,167
17,13,167,145
18,13,167,138
19,13,171,132
20,13,177,130
21,13,184,132
22,13,197,130
23,13,205,128
24,13,213,130
25,13,219,135
26,13,223,144
27,13,189,146
28,13,188,152
29,13,186,158
30,13,185,164
31,13,181,176
32,13,184,177
33,13,186,178
34,13,190,177
35,13,194,175
36,13,172,152
37,13,174,148
38,13,178,147
39,13,182,150
40,13,178,151
41,13,175,152
42,13,202,149
43,13,205,146
44,13,209,146
45,13,213,151
46,13,209,150
47,13,204,150
48,13,177,204
49,13,177,195
50,13,182,191
51,13,185,192
52,13,189,191
53,13,194,194
54,13,199,203
55,13,194,208
56,13,189,209
57,13,185,210
58,13,181,210
59,13,177,209
60,13,179,203
61,13,182,197
62,13,185,196
63,13,189,196
64,13,196,202
65,13,189,204
66,13,185,204
67,13,182,204
0,14,163,161
1,14,161,171
2,14,161,183
3,14,161,195
4,14,163,208
5,14,166,220
6,14,171,230
7,14,178,237
8,14,187,239
9,14,197,237
10,14,208,232
11,14,219,226
12,14,229,217
13,14,236,208
14,14,240,195
15,14,241,180
16,14,241,166
17,14,167,146
18,14,167,139
19,14,171,134
20,14,177,132
21,14,183,134
22,14,198,132
23,14,206,129
24,14,214,130
25,14,220,135
26,14,224,143
27,14,190,146
28,14,188,151
29,14,187,156
30,14,186,162
31,14,181,174
32,14,184,175
33,14,187,176
34,14,191,175
35,14,195,173
36,14,172,153
37,14,174,149
38,14,178,148
39,14,182,150
40,14,178,151
41,14,175,152
42,14,202,149
43,14,206,147
44,14,210,147
45,14,214,151
46,14,210,150
47,14,206,150
48,14,177,202
49,14,178,193
50,14,183,189
51,14,186,190
52,14,189,189
53,14,194,192
54,14,199,201
55,14,195,206
56,14,190,208
57,14,186,209
58,14,182,209
59,14,178,208
60,14,179,201
61,14,183,194
62,14,186,194
63,14,189,194
64,14,197,200
65,14,190,203
66,14,186,204
67,14,183,204
0,15,164,159
1,15,162,170
2,15,161,182
3,15,162,194
4,15,163,206
5,15,166,218
6,15,171,229
7,15,178,236
8,15,187,238
9,15,198,237
10,15,209,231
11,15,220,224
12,15,229,216
13,15,237,206
14,15,241,193
15,15,241,179
16,15,241,164
17,15,168,145
18,15,169,139
19,15,173,135
20,15,178,133
21,15,184,135
22,15,199,133
23,15,206,131
24,15,214,131
25,15,220,135
26,15,224,142
27,15,190,146
28,15,189,151
29,15,188,155
30,15,186,161
31,15,182,173
32,15,185,174
33,15,188,174
34,15,192,173
35,15,195,172
36,15,173,153
37,15,175,149
38,15,179,149
39,15,184,150
40,15,180,151
41,15,176,152
42,15,203,149
43,15,207,147
44,15,211,148
45,15,214,151
46,15,210,151
47,15,206,150
48,15,178,201
49,15,178,191
50,15,183,187
51,15,186,188
52,15,190,187
53,15,195,191
54,15,200,200
55,15,196,205
56,15,190,207
57,15,187,208
58,15,183,208
59,15,178,207
60,15,180,200
61,15,183,193
62,15,186,193
63,15,190,193
64,15,197,199
65,15,190,202
66,15,187,202
67,15,183,202
0,16,165,156
1,16,163,167
2,16,161,179
3,16,162,192
4,16,163,204
5,16,166,217
6,16,171,228
7,16,178,235
8,16,187,238
9,16,198,236
10,16,209,231
11,16,220,224
12,16,230,215
13,16,237,205
14,16,241,192
15,16,242,178
16,16,242,164
17,16,170,144
18,16,171,138
19,16,175,133
20,16,182,132
21,16,187,134
22,16,201,132
23,16,208,130
24,16,216,131
25,16,222,135
26,16,226,142
27,16,192,145
28,16,191,150
29,16,189,155
30,16,188,160
31,16,182,172
32,16,185,173
33,16,188,174
34,16,193,173
35,16,197,172
36,16,174,152
37,16,177,149
38,16,181,149
39,16,186,150
40,16,181,151
41,16,178,151
42,16,204,149
43,16,208,148
44,16,212,149
45,16,216,151
46,16,211,151
47,16,207,150
48,16,178,200
49,16,178,190
50,16,183,185
51,16,186,186
52,16,190,185
53,16,196,189
54,16,200,200
55,16,196,205
56,16,191,207
57,16,187,208
58,16,183,208
59,16,179,206
60,16,181,199
61,16,183,191
62,16,186,191
63,16,190,191
64,16,197,199
65,16,191,201
66,16,187,202
67,16,184,202
0,17,164,159
1,17,161,170
2,17,161,182
3,17,161,195
4,17,163,207
5,17,166,219
6,17,171,230
7,17,178,236
8,17,187,239
9,17,198,238
10,17,209,232
11,17,219,226
12,17,229,217
13,17,237,207
14,17,241,194
15,17,241,180
16,17,242,166
17,17,168,145
18,17,169,139
19,17,174,135
20,17,181,135
21,17,187,137
22,17,200,135
23,17,207,132
24,17,215,133
25,17,222,137
26,17,226,144
27,17,192,147
28,17,191,152
29,17,189,157
30,17,187,162
31,17,182,175
32,17,185,176
33,17,188,176
34,17,192,176
35,17,196,175
36,17,173,153
37,17,176,150
38,17,180,150
39,17,185,151
40,17,180,152
41,17,176,153
42,17,203,151
43,17,208,149
44,17,212,150
45,17,216,153
46,17,212,153
47,17,207,152
48,17,178,203
49,17,178,193
50,17,183,188
51,17,187,189
52,17,191,188
53,17,196,192
54,17,200,202
55,17,196,207
56,17,191,208
57,17,187,209
58,17,183,210
59,17,178,208
60,17,180,202
61,17,183,194
62,17,187,194
63,17,190,194
64,17,197,201
65,17,191,203
66,17,187,204
67,17,183,204
0,18,164,160
1,18,161,171
2,18,161,183
3,18,161,196
4,18,163,208
5,18,166,220
6,18,172,230
7,18,178,237
8,18,187,241
9,18,197,239
10,18,208,234
11,18,219,227
12,18,228,218
13,18,236,208
14,18,240,195
15,18,241,181
16,18,241,167
17,18,169,146
18,18,170,141
19,18,174,137
20,18,180,137
21,18,185,139
22,18,198,138
23,18,205,135
24,18,213,137
25,18,219,141
26,18,223,148
27,18,191,149
28,18,189,154
29,18,188,159
30,18,186,164
31,18,181,175
32,18,184,177
33,18,187,178
34,18,191,177
35,18,195,176
36,18,174,153
37,18,177,151
38,18,180,151
39,18,184,152
40,18,180,153
41,18,177,153
42,18,202,152
43,18,206,151
44,18,210,152
45,18,214,154
46,18,209,154
47,18,205,153
48,18,176,199
49,18,178,192
50,18,182,190
51,18,186,191
52,18,189,190
53,18,195,194
54,18,199,202
55,18,194,208
56,18,189,209
57,18,185,209
58,18,182,209
59,18,177,206
60,18,178,199
61,18,182,194
62,18,185,195
63,18,189,195
64,18,196,201
65,18,189,205
66,18,186,204
67,18,182,204
0,19,164,161
1,19,161,172
2,19,160,184
3,19,161,196
4,19,162,208
5,19,165,220
6,19,171,230
7,19,178,237
8,19,187,240
9,19,198,238
10,19,209,233
11,19,220,226
12,19,228,217
13,19,236,207
14,19,240,195
15,19,240,181
16,19,240,168
17,19,169,146
18,19,170,141
19,19,174,137
20,19,179,136
21,19,185,138
22,19,199,136
23,19,206,133
24,19,214,134
25,19,220,138
26,19,224,144
27,19,191,148
28,19,190,153
29,19,188,157
30,19,186,162
31,19,182,176
32,19,184,177
33,19,188,177
34,19,192,177
35,19,195,175
36,19,173,154
37,19,176,152
38,19,180,151
39,19,184,152
40,19,180,153
41,19,176,154
42,19,202,151
43,19,206,150
44,19,211,151
45,19,214,153
46,19,210,153
47,19,206,153
48,19,177,203
49,19,177,194
50,19,182,189
51,19,186,190
52,19,190,189
53,19,195,193
54,19,199,202
55,19,196,207
56,19,190,209
57,19,186,210
58,19,182,210
59,19,178,209
60,19,179,202
61,19,182,195
62,19,186,194
63,19,190,194
64,19,197,201
65,19,190,204
66,19,186,204
67,19,183,204
0,20,164,162
1,20,161,172
2,20,160,184
3,20,161,196
4,20,163,208
5,20,166,220
6,20,171,231
7,20,178,237
8,20,187,239
9,20,197,238
10,20,208,233
11,20,218,227
12,20,228,218
13,20,235,209
14,20,239,196
15,20,240,183
16,20,240,170
17,20,170,145
18,20,171,139
19,20,175,135
20,20,181,133
21,20,187,135
22,20,199,134
23,20,207,131
24,20,215,131
25,20,221,136
26,20,225,144
27,20,191,147
28,20,190,152
29,20,188,156
30,20,186,162
31,20,182,175
32,20,184,176
33,20,187,177
34,20,191,176
35,20,195,175
36,20,174,154
37,20,177,152
38,20,181,151
39,20,185,152
40,20,181,153
41,20,177,154
42,20,203,151
43,20,207,150
44,20,211,151
45,20,215,153
46,20,210,153
47,20,206,152
48,20,177,203
49,20,177,193
50,20,182,189
51,20,186,190
52,20,190,188
53,20,195,192
54,20,200,202
55,20,196,207
56,20,190,209
57,20,186,210
58,20,182,210
59,20,178,208
60,20,180,202
61,20,182,195
62,20,186,194
63,20,190,194
64,20,197,201
65,20,190,204
66,20,186,204
67,20,183,204
0,21,165,160
1,21,162,171
2,21,161,183
3,21,162,195
4,21,163,207
5,21,166,220
6,21,171,231
7,21,178,238
8,21,187,240
9,21,198,239
10,21,209,234
11,21,220,227
12,21,229,219
13,21,237,209
14,21,241,196
15,21,242,183
16,21,242,169
17,21,171,146
18,21,172,140
19,21,176,135
20,21,182,134
21,21,188,136
22,21,200,135
23,21,208,132
24,21,216,133
25,21,222,138
26,21,226,145
27,21,193,148
28,21,191,153
29,21,189,158
30,21,188,163
31,21,183,175
32,21,186,177
33,21,189,178
34,21,193,177
35,21,197,176
36,21,176,154
37,21,179,152
38,21,182,152
39,21,187,152
40,21,182,153
41,21,179,154
42,21,204,152
43,21,208,151
44,21,212,152
45,21,216,154
46,21,211,154
47,21,207,153
48,21,178,203
49,21,178,193
50,21,183,189
51,21,186,190
52,21,190,190
53,21,196,193
54,21,200,203
55,21,196,207
56,21,190,210
57,21,186,210
58,21,183,210
59,21,179,208
60,21,181,201
61,21,183,195
62,21,186,195
63,21,190,195
64,21,197,202
65,21,191,205
66,21,187,205
67,21,184,205
0,22,166,159
1,22,163,170
2,22,162,182
3,22,163,194
4,22,164,207
5,22,167,219
6,22,172,230
7,22,178,237
8,22,188,240
9,22,198,238
10,22,209,233
11,22,220,226
12,22,229,218
13,22,237,208
14,22,241,195
15,22,242,182
16,22,242,168
17,22,171,145
18,22,172,140
19,22,177,135
20,22,183,134
21,22,189,136
22,22,201,135
23,22,208,132
24,22,216,133
25,22,223,138
26,22,226,146
27,22,193,148
28,22,192,153
29,22,190,158
30,22,188,163
31,22,183,175
32,22,186,176
33,22,189,177
34,22,193,176
35,22,197,175
36,22,176,154
37,22,179,152
38,22,183,151
39,22,187,152
40,22,183,153
41,22,179,154
42,22,204,152
43,22,209,151
44,22,213,152
45,22,216,154
46,22,212,154
47,22,208,153
48,22,179,202
49,22,179,193
50,22,184,189
51,22,187,190
52,22,191,189
53,22,196,193
54,22,200,202
55,22,196,207
56,22,191,209
57,22,187,210
58,22,183,210
59,22,179,208
60,22,181,201
61,22,184,194
62,22,187,194
63,22,191,194
64,22,198,202
65,22,191,204
66,22,187,205
67,22,184,205
0,23,165,161
1,23,163,172
2,23,162,183
3,23,162,196
4,23,164,208
5,23,167,220
6,23,172,230
7,23,179,237
8,23,188,240
9,23,199,239
10,23,210,233
11,23,220,226
12,23,230,218
13,23,238,208
14,23,242,196
15,23,242,182
16,23,242,168
17,23,171,147
18,23,172,141
19,23,175,137
20,23,182,135
21,23,187,137
22,23,200,135
23,23,207,133
24,23,215,134
25,23,222,138
26,23,225,145
27,23,192,148
28,23,191,153
29,23,190,158
30,23,188,163
31,23,183,175
32,23,186,176
33,23,189,177
34,23,193,177
35,23,197,175
36,23,176,154
37,23,178,152
38,23,182,152
39,23,186,153
40,23,182,153
41,23,179,154
42,23,204,152
43,23,208,151
44,23,212,152
45,23,216,154
46,23,211,154
47,23,207,153
48,23,179,202
49,23,178,193
50,23,183,189
51,23,187,190
52,23,191,189
53,23,196,193
54,23,200,202
55,23,196,207
56,23,191,209
57,23,187,210
58,23,183,210
59,23,179,208
60,23,181,201
61,23,184,195
62,23,187,194
63,23,191,194
64,23,198,201
65,23,191,204
66,23,187,205
67,23,184,205
0,24,165,161
1,24,162,171
2,24,161,184
3,24,161,196
4,24,163,208
5,24,166,221
6,24,171,231
7,24,177,239
8,24,186,242
9,24,197,240
10,24,208,235
11,24,220,228
12,24,229,220
13,24,237,211
14,24,241,198
15,24,242,184
16,24,242,171
17,24,171,149
18,24,172,142
19,24,177,138
20,24,184,137
21,24,191,139
22,24,199,138
23,24,207,136
24,24,216,137
25,24,223,142
26,24,227,150
27,24,192,150
28,24,190,155
29,24,189,159
30,24,187,165
31,24,182,177
32,24,185,178
33,24,188,179
34,24,192,178
35,24,196,177
36,24,175,155
37,24,178,152
38,24,183,152
39,24,187,153
40,24,182,154
41,24,179,155
42,24,204,153
43,24,208,152
44,24,212,153
45,24,216,155
46,24,212,155
47,24,207,154
48,24,178,203
49,24,178,195
50,24,183,191
51,24,186,192
52,24,190,192
53,24,196,195
54,24,200,204
55,24,195,209
56,24,190,211
57,24,186,212
58,24,183,212
59,24,178,210
60,24,180,202
61,24,183,196
62,24,186,196
63,24,190,196
64,24,197,203
65,24,191,206
66,24,187,206
67,24,183,206
0,25,164,161
1,25,162,171
2,25,161,182
3,25,161,195
4,25,162,207
5,25,165,220
6,25,171,231
7,25,177,239
8,25,187,242
9,25,197,240
10,25,209,234
11,25,220,227
12,25,230,218
13,25,237,208
14,25,241,194
15,25,242,180
16,25,241,166
17,25,169,146
18,25,170,141
19,25,174,137
20,25,180,136
21,25,185,138
22,25,199,136
23,25,206,133
24,25,214,134
25,25,220,138
26,25,224,144
27,25,191,149
28,25,190,154
29,25,188,159
30,25,187,165
31,25,183,176
32,25,185,178
33,25,188,178
34,25,192,178
35,25,195,176
36,25,175,155
37,25,177,153
38,25,180,153
39,25,185,153
40,25,181,154
41,25,178,155
42,25,202,152
43,25,206,151
44,25,210,152
45,25,214,154
46,25,209,154
47,25,206,153
48,25,179,203
49,25,178,194
50,25,183,190
51,25,186,191
52,25,190,191
53,25,195,194
54,25,200,203
55,25,196,209
56,25,191,211
57,25,187,212
58,25,183,212
59,25,179,210
60,25,181,202
61,25,183,196
62,25,186,196
63,25,190,196
64,25,197,203
65,25,191,206
66,25,187,207
67,25,184,207
0,26,165,158
1,26,162,169
2,26,161,181
3,26,161,193
4,26,162,206
5,26,165,218
6,26,170,229
7,26,177,236
8,26,186,239
9,26,197,237
10,26,209,232
11,26,220,224
12,26,229,216
13,26,236,206
14,26,240,192
15,26,241,178
16,26,241,164
17,26,168,146
18,26,169,140
19,26,172,136
20,26,178,135
21,26,184,136
22,26,198,134
23,26,205,131
24,26,213,132
25,26,219,136
26,26,223,143
27,26,190,146
28,26,189,151
29,26,187,156
30,26,185,162
31,26,181,173
32,26,184,175
33,26,187,176
34,26,191,175
35,26,195,173
36,26,173,152
37,26,175,148
38,26,179,148
39,26,184,150
40,26,180,150
41,26,176,151
42,26,201,148
43,26,206,146
44,26,210,147
45,26,213,150
46,26,209,150
47,26,205,149
48,26,177,200
49,26,177,192
50,26,182,188
51,26,185,189
52,26,189,188
53,26,194,191
54,26,199,200
55,26,195,205
56,26,189,208
57,26,185,208
58,26,182,208
59,26,177,207
60,26,179,199
61,26,182,193
62,26,185,193
63,26,189,193
64,26,197,199
65,26,189,203
66,26,185,203
67,26,182,203
0,27,163,160
1,27,161,171
2,27,160,183
3,27,161,196
4,27,162,208
5,27,165,221
6,27,170,231
7,27,177,238
8,27,186,241
9,27,197,239
10,27,208,233
11,27,218,226
12,27,227,218
13,27,234,208
14,27,239,195
15,27,239,181
16,27,239,168
17,27,168,145
18,27,169,140
19,27,173,136
20,27,178,134
21,27,184,136
22,27,198,134
23,27,205,132
24,27,212,132
25,27,218,135
26,27,222,141
27,27,190,146
28,27,188,152
29,27,187,157
30,27,185,163
31,27,181,175
32,27,183,176
33,27,186,177
34,27,190,176
35,27,194,174
36,27,172,153
37,27,175,149
38,27,178,149
39,27,183,150
40,27,178,151
41,27,175,152
42,27,201,148
43,27,205,146
44,27,209,147
45,27,213,150
46,27,208,150
47,27,205,149
48,27,176,203
49,27,176,194
50,27,181,190
51,27,185,191
52,27,189,190
53,27,194,193
54,27,199,201
55,27,195,207
56,27,189,209
57,27,185,210
58,27,181,210
59,27,176,209
60,27,178,202
61,27,181,195
62,27,185,195
63,27,189,195
64,27,196,201
65,27,189,204
66,27,185,205
67,27,182,205
0,28,162,163
1,28,160,173
2,28,159,185
3,28,160,198
4,28,162,211
5,28,165,223
6,28,170,234
7,28,177,242
8,28,186,244
9,28,197,242
10,28,208,236
11,28,219,228
12,28,228,219
13,28,236,209
14,28,240,195
15,28,239,180
16,28,238,165
17,28,166,146
18,28,167,140
19,28,171,135
20,28,176,133
21,28,182,136
22,28,196,133
23,28,203,129
24,28,211,130
25,28,217,134
26,28,221,141
27,28,188,148
28,28,187,153
29,28,186,159
30,28,184,165
31,28,180,177
32,28,183,178
33,28,186,179
34,28,190,178
35,28,193,176
36,28,171,154
37,28,173,151
38,28,177,150
39,28,181,152
40,28,177,153
41,28,174,153
42,28,200,150
43,28,204,148
44,28,208,148
45,28,212,151
46,28,208,151
47,28,204,150
48,28,176,204
49,28,176,194
50,28,181,190
51,28,185,191
52,28,189,190
53,28,195,193
54,28,199,203
55,28,195,210
56,28,189,213
57,28,185,214
58,28,181,214
59,28,177,212
60,28,178,203
61,28,182,196
62,28,185,196
63,28,189,196
64,28,197,203
65,28,189,207
66,28,185,208
67,28,182,208
0,29,163,164
1,29,161,175
2,29,160,187
3,29,161,200
4,29,162,212
5,29,165,224
6,29,170,235
7,29,176,243
8,29,186,245
9,29,197,244
10,29,208,238
11,29,220,230
12,29,229,222
13,29,236,212
14,29,240,199
15,29,241,186
16,29,241,172
17,29,168,153
18,29,168,145
19,29,173,139
20,29,180,138
21,29,187,139
22,29,197,138
23,29,206,135
24,29,215,136
25,29,222,142
26,29,226,151
27,29,190,151
28,29,188,156
29,29,186,162
30,29,184,168
31,29,180,179
32,29,182,181
33,29,185,181
34,29,190,181
35,29,194,179
36,29,173,157
37,29,176,152
38,29,180,152
39,29,184,155
40,29,180,156
41,29,176,157
42,29,202,154
43,29,207,150
44,29,212,151
45,29,215,156
46,29,211,156
47,29,206,155
48,29,176,206
49,29,176,198
50,29,181,195
51,29,184,196
52,29,188,195
53,29,194,198
54,29,199,206
55,29,194,212
56,29,188,215
57,29,184,215
58,29,181,215
59,29,176,213
60,29,179,206
61,29,181,200
62,29,184,200
63,29,188,200
64,29,196,206
65,29,188,209
66,29,185,209
67,29,181,209
0,30,163,161
1,30,161,172
2,30,160,184
3,30,160,197
4,30,162,209
5,30,165,221
6,30,170,232
7,30,177,240
8,30,186,242
9,30,197,240
10,30,208,235
11,30,219,227
12,30,228,218
13,30,236,208
14,30,240,194
15,30,240,180
16,30,239,166
17,30,167,145
18,30,167,138
19,30,171,132
20,30,177,131
21,30,183,133
22,30,197,131
23,30,205,128
24,30,212,129
25,30,218,134
26,30,222,143
27,30,189,147
28,30,188,153
29,30,186,159
30,30,184,165
31,30,180,177
32,30,183,178
33,30,186,179
34,30,190,178
35,30,194,177
36,30,172,153
37,30,174,149
38,30,177,148
39,30,181,151
40,30,177,151
41,30,174,152
42,30,201,149
43,30,205,147
44,30,209,147
45,30,212,151
46,30,208,151
47,30,205,150
48,30,177,204
49,30,176,195
50,30,181,191
51,30,185,191
52,30,189,191
53,30,194,194
54,30,199,203
55,30,195,209
56,30,189,211
57,30,185,212
58,30,181,212
59,30,177,210
60,30,178,203
61,30,182,197
62,30,185,197
63,30,189,197
64,30,197,202
65,30,189,206
66,30,185,206
67,30,182,206
0,31,163,161
1,31,160,171
2,31,160,183
3,31,160,195
4,31,162,208
5,31,164,220
6,31,170,230
7,31,177,237
8,31,186,239
9,31,197,238
10,31,208,233
11,31,219,225
12,31,228,217
13,31,236,207
14,31,240,194
15,31,240,180
16,31,240,166
17,31,166,145
18,31,166,138
19,31,170,132
20,31,176,130
21,31,182,131
22,31,197,129
23,31,204,127
24,31,213,128
25,31,219,134
26,31,222,142
27,31,188,145
28,31,187,151
29,31,186,157
30,31,184,163
31,31,181,175
32,31,183,176
33,31,186,177
34,31,190,176
35,31,194,174
36,31,171,152
37,31,174,147
38,31,177,147
39,31,181,149
40,31,177,150
41,31,174,151
42,31,201,148
43,31,205,145
44,31,209,146
45,31,212,149
46,31,208,149
47,31,204,148
48,31,177,203
49,31,176,194
50,31,181,190
51,31,185,191
52,31,188,190
53,31,194,193
54,31,199,201
55,31,194,206
56,31,189,208
57,31,185,209
58,31,181,209
59,31,177,208
60,31,179,202
61,31,182,196
62,31,185,195
63,31,188,195
64,31,196,201
65,31,189,203
66,31,185,204
67,31,182,204
0,32,163,163
1,32,161,173
2,32,160,185
3,32,161,197
4,32,163,208
5,32,166,220
6,32,171,231
7,32,177,238
8,32,186,240
9,32,196,238
10,32,207,233
11,32,218,226
12,32,228,217
13,32,236,207
14,32,240,194
15,32,240,180
16,32,240,166
17,32,166,146
18,32,166,138
19,32,169,131
20,32,175,129
21,32,181,130
22,32,197,128
23,32,204,125
24,32,212,126
25,32,218,131
26,32,222,140
27,32,188,145
28,32,187,150
29,32,185,156
30,32,184,162
31,32,181,174
32,32,183,175
33,32,186,175
34,32,190,174
35,32,193,172
36,32,171,152
37,32,173,147
38,32,177,146
39,32,181,149
40,32,177,150
41,32,174,151
42,32,201,147
43,32,204,143
44,32,208,143
45,32,212,148
46,32,208,148
47,32,204,147
48,32,177,202
49,32,176,192
50,32,181,187
51,32,185,188
52,32,188,187
53,32,194,190
54,32,199,200
55,32,194,206
56,32,189,208
57,32,185,209
58,32,181,209
59,32,177,208
60,32,179,201
61,32,182,194
62,32,185,193
63,32,188,193
64,32,196,199
65,32,189,203
66,32,185,203
67,32,182,204
0,33,164,164
1,33,161,174
2,33,161,186
3,33,161,198
4,33,163,211
5,33,166,223
6,33,171,234
7,33,178,242
8,33,188,243
9,33,198,242
10,33,209,236
11,33,220,227
12,33,229,219
13,33,237,208
14,33,240,195
15,33,240,180
16,33,240,166
17,33,167,148
18,33,166,141
19,33,170,136
20,33,176,134
21,33,182,135
22,33,197,133
23,33,204,130
24,33,212,131
25,33,218,135
26,33,222,144
27,33,188,148
28,33,187,154
29,33,186,160
30,33,185,166
31,33,181,178
32,33,184,179
33,33,186,180
34,33,190,179
35,33,194,177
36,33,172,154
37,33,174,150
38,33,178,149
39,33,181,152
40,33,178,153
41,33,174,154
42,33,201,150
43,33,205,147
44,33,209,147
45,33,212,151
46,33,209,151
47,33,205,151
48,33,178,206
49,33,177,197
50,33,182,193
51,33,186,194
52,33,189,193
53,33,195,195
54,33,199,204
55,33,195,210
56,33,190,212
57,33,186,213
58,33,182,213
59,33,178,212
60,33,179,204
61,33,183,198
62,33,186,198
63,33,189,198
64,33,197,203
65,33,190,207
66,33,186,208
67,33,182,208
0,34,163,162
1,34,160,173
2,34,160,185
3,34,161,197
4,34,162,209
5,34,165,222
6,34,171,233
7,34,178,240
8,34,187,243
9,34,198,242
10,34,209,236
11,34,219,228
12,34,228,219
13,34,236,209
14,34,240,196
15,34,241,181
16,34,240,167
17,34,167,145
18,34,167,138
19,34,171,133
20,34,177,131
21,34,183,133
22,34,198,132
23,34,205,129
24,34,213,130
25,34,219,135
26,34,223,143
27,34,189,147
28,34,188,153
29,34,186,159
30,34,185,166
31,34,181,178
32,34,184,179
33,34,187,180
34,34,191,179
35,34,194,177
36,34,172,153
37,34,174,149
38,34,178,148
39,34,182,151
40,34,178,152
41,34,174,153
42,34,202,150
43,34,206,147
44,34,210,148
45,34,213,152
46,34,209,152
47,34,205,151
48,34,177,205
49,34,177,197
50,34,182,193
51,34,186,194
52,34,189,193
53,34,194,196
54,34,199,205
55,34,195,210
56,34,190,213
57,34,186,214
58,34,182,214
59,34,178,212
60,34,179,204
61,34,182,198
62,34,186,198
63,34,189,198
64,34,197,204
65,34,190,208
66,34,186,208
67,34,183,208
0,35,164,161
1,35,161,172
2,35,161,184
3,35,161,196
4,35,163,209
5,35,166,221
6,35,171,232
7,35,178,239
8,35,187,241
9,35,197,240
10,35,208,235
11,35,219,227
12,35,228,219
13,35,236,209
14,35,240,195
15,35,240,181
16,35,240,167
17,35,167,145
18,35,167,138
19,35,171,133
20,35,178,131
21,35,184,133
22,35,199,131
23,35,207,129
24,35,215,130
25,35,221,135
26,35,224,144
27,35,190,147
28,35,189,152
29,35,188,158
30,35,186,164
31,35,182,176
32,35,184,177
33,35,187,178
34,35,191,177
35,35,195,176
36,35,172,152
37,35,175,148
38,35,179,148
39,35,183,151
40,35,179,151
41,35,175,152
42,35,202,149
43,35,206,146
44,35,211,147
45,35,214,151
46,35,210,151
47,35,206,150
48,35,178,204
49,35,178,195
50,35,183,191
51,35,186,192
52,35,190,191
53,35,195,194
54,35,199,203
55,35,195,209
56,35,190,211
57,35,186,212
58,35,183,212
59,35,178,210
60,35,180,203
61,35,183,197
62,35,186,196
63,35,190,196
64,35,197,202
65,35,190,205
66,35,186,206
67,35,183,206
0,36,164,161
1,36,161,172
2,36,161,184
3,36,162,196
4,36,163,209
5,36,166,221
6,36,171,231
7,36,178,238
8,36,188,240
9,36,198,239
10,36,209,234
11,36,220,227
12,36,229,219
13,36,237,209
14,36,241,196
15,36,241,181
16,36,240,167
17,36,168,143
18,36,168,137
19,36,172,132
20,36,178,130
21,36,184,132
22,36,199,130
23,36,206,127
24,36,214,129
25,36,220,134
26,36,224,142
27,36,190,146
28,36,189,151
29,36,187,157
30,36,186,162
31,36,182,175
32,36,185,176
33,36,188,177
34,36,191,176
35,36,195,175
36,36,173,152
37,36,175,148
38,36,179,147
39,36,183,150
40,36,179,151
41,36,175,152
42,36,202,148
43,36,206,145
44,36,211,146
45,36,214,150
46,36,210,150
47,36,206,149
48,36,178,203
49,36,178,194
50,36,183,190
51,36,186,191
52,36,190,190
53,36,195,193
54,36,200,202
55,36,196,208
56,36,190,210
57,36,187,211
58,36,183,211
59,36,179,209
60,36,180,202
61,36,183,196
62,36,187,196
63,36,190,196
64,36,198,202
65,36,190,204
66,36,187,205
67,36,184,205
0,37,164,160
1,37,162,171
2,37,161,183
3,37,162,195
4,37,163,208
5,37,166,220
6,37,171,231
7,37,178,239
8,37,187,242
9,37,198,240
10,37,210,235
11,37,221,227
12,37,230,218
13,37,237,208
14,37,241,194
15,37,241,180
16,37,241,166
17,37,168,146
18,37,169,140
19,37,172,136
20,37,178,135
21,37,183,136
22,37,200,135
23,37,207,132
24,37,214,132
25,37,220,136
26,37,224,143
27,37,190,147
28,37,189,153
29,37,188,158
30,37,186,164
31,37,182,175
32,37,184,177
33,37,187,177
34,37,191,176
35,37,195,175
36,37,173,153
37,37,176,150
38,37,180,149
39,37,184,151
40,37,180,152
41,37,176,153
42,37,203,150
43,37,206,148
44,37,211,148
45,37,214,151
46,37,210,151
47,37,206,151
48,37,177,202
49,37,177,194
50,37,182,190
51,37,186,191
52,37,190,190
53,37,196,193
54,37,200,202
55,37,196,209
56,37,190,211
57,37,186,212
58,37,183,212
59,37,178,209
60,37,179,202
61,37,183,196
62,37,186,195
63,37,190,195
64,37,198,202
65,37,190,206
66,37,186,206
67,37,183,206
0,38,163,160
1,38,160,171
2,38,159,183
3,38,160,196
4,38,161,209
5,38,165,221
6,38,170,232
7,38,177,239
8,38,186,242
9,38,197,240
10,38,208,235
11,38,219,227
12,38,228,218
13,38,236,208
14,38,240,194
15,38,240,180
16,38,240,166
17,38,167,146
18,38,168,141
19,38,172,136
20,38,178,135
21,38,184,137
22,38,197,134
23,38,205,132
24,38,213,132
25,38,220,136
26,38,224,144
27,38,189,148
28,38,188,153
29,38,187,158
30,38,185,164
31,38,181,177
32,38,183,178
33,38,187,179
34,38,191,178
35,38,194,177
36,38,172,154
37,38,175,152
38,38,179,151
39,38,183,152
40,38,179,153
41,38,175,154
42,38,201,151
43,38,206,150
44,38,210,150
45,38,213,152
46,38,209,152
47,38,205,152
48,38,177,204
49,38,177,195
50,38,182,191
51,38,185,192
52,38,189,191
53,38,194,194
54,38,199,203
55,38,195,209
56,38,190,211
57,38,186,212
58,38,182,212
59,38,177,210
60,38,179,203
61,38,182,197
62,38,185,196
63,38,189,196
64,38,196,203
65,38,190,206
66,38,186,206
67,38,182,206
0,39,163,160
1,39,160,171
2,39,160,183
3,39,160,195
4,39,162,208
5,39,165,220
6,39,170,231
7,39,177,238
8,39,186,241
9,39,196,239
10,39,206,234
11,39,217,227
12,39,226,219
13,39,235,209
14,39,239,196
15,39,240,182
16,39,240,169
17,39,168,145
18,39,168,139
19,39,172,134
20,39,179,132
21,39,185,134
22,39,197,133
23,39,204,130
24,39,213,131
25,39,220,136
26,39,224,144
27,39,189,147
28,39,188,152
29,39,186,157
30,39,185,163
31,39,180,176
32,39,183,177
33,39,186,178
34,39,190,177
35,39,194,176
36,39,172,153
37,39,175,151
38,39,179,151
39,39,183,151
40,39,179,152
41,39,175,153
42,39,201,150
43,39,205,149
44,39,209,150
45,39,213,152
46,39,209,152
47,39,205,151
48,39,177,203
49,39,176,194
50,39,181,190
51,39,185,191
52,39,189,190
53,39,194,194
54,39,199,202
55,39,194,208
56,39,189,210
57,39,185,211
58,39,181,211
59,39,177,209
60,39,179,203
61,39,181,196
62,39,185,196
63,39,189,196
64,39,196,202
65,39,189,205
66,39,185,206
67,39,182,206
0,40,163,161
1,40,160,172
2,40,160,184
3,40,160,196
4,40,162,209
5,40,165,221
6,40,170,232
7,40,177,239
8,40,186,242
9,40,197,240
10,40,207,234
11,40,218,227
12,40,227,219
13,40,235,209
14,40,239,196
15,40,240,183
16,40,240,169
17,40,168,147
18,40,168,141
19,40,173,136
20,40,179,134
21,40,185,136
22,40,197,134
23,40,205,130
24,40,213,131
25,40,220,136
26,40,224,143
27,40,189,148
28,40,188,152
29,40,186,157
30,40,184,163
31,40,180,176
32,40,183,177
33,40,186,178
34,40,190,177
35,40,194,176
36,40,172,155
37,40,175,152
38,40,179,151
39,40,183,152
40,40,179,153
41,40,175,154
42,40,201,151
43,40,205,149
44,40,209,150
45,40,213,152
46,40,209,152
47,40,205,152
48,40,176,204
49,40,176,195
50,40,181,190
51,40,185,191
52,40,188,190
53,40,193,193
54,40,199,202
55,40,194,208
56,40,189,210
57,40,185,211
58,40,181,212
59,40,177,210
60,40,179,203
61,40,181,196
62,40,185,196
63,40,188,196
64,40,196,202
65,40,189,206
66,40,185,206
67,40,182,206
0,41,164,159
1,41,161,170
2,41,161,182
3,41,161,195
4,41,162,208
5,41,166,221
6,41,171,231
7,41,178,239
8,41,187,241
9,41,198,240
10,41,209,234
11,41,220,226
12,41,230,217
13,41,237,207
14,41,241,194
15,41,242,180
16,41,242,166
17,41,169,146
18,41,170,140
19,41,174,135
20,41,181,133
21,41,188,136
22,41,199,134
23,41,206,131
24,41,215,132
25,41,221,137
26,41,226,144
27,41,192,148
28,41,190,153
29,41,189,157
30,41,187,163
31,41,182,177
32,41,185,177
33,41,188,178
34,41,192,177
35,41,196,176
36,41,173,154
37,41,176,151
38,41,181,150
39,41,185,152
40,41,181,153
41,41,177,153
42,41,203,150
43,41,208,149
44,41,212,150
45,41,216,152
46,41,211,152
47,41,207,151
48,41,178,203
49,41,178,194
50,41,183,190
51,41,187,191
52,41,191,190
53,41,196,193
54,41,201,203
55,41,196,208
56,41,191,210
57,41,187,211
58,41,183,211
59,41,178,210
60,41,180,202
61,41,183,196
62,41,187,195
63,41,191,195
64,41,198,202
65,41,191,205
66,41,187,206
67,41,184,206
0,42,165,159
1,42,162,170
2,42,161,183
3,42,162,195
4,42,164,208
5,42,167,221
6,42,172,231
7,42,179,238
8,42,188,241
9,42,198,239
10,42,209,233
11,42,220,226
12,42,229,218
13,42,237,207
14,42,241,194
15,42,241,180
16,42,241,166
17,42,169,145
18,42,171,139
19,42,175,135
20,42,181,134
21,42,186,136
22,42,200,134
23,42,207,131
24,42,215,132
25,42,221,136
26,42,225,143
27,42,192,147
28,42,190,152
29,42,189,158
30,42,187,163
31,42,183,175
32,42,185,176
33,42,188,177
34,42,192,176
35,42,196,175
36,42,174,154
37,42,177,151
38,42,180,151
39,42,185,151
40,42,181,152
41,42,177,153
42,42,203,150
43,42,208,150
44,42,211,151
45,42,215,152
46,42,211,152
47,42,207,151
48,42,179,203
49,42,179,193
50,42,184,189
51,42,187,190
52,42,191,189
53,42,197,193
54,42,201,202
55,42,197,208
56,42,192,210
57,42,187,211
58,42,184,211
59,42,179,209
60,42,181,202
61,42,184,195
62,42,187,195
63,42,191,195
64,42,199,202
65,42,192,205
66,42,188,205
67,42,184,205
0,43,163,160
1,43,160,171
2,43,159,184
3,43,160,196
4,43,162,209
5,43,165,221
6,43,170,232
7,43,177,238
8,43,186,240
9,43,196,239
10,43,207,233
11,43,218,227
12,43,227,219
13,43,235,209
14,43,240,196
15,43,240,182
16,43,240,168
17,43,168,145
18,43,169,140
19,43,173,135
20,43,179,134
21,43,185,136
22,43,198,134
23,43,205,131
24,43,213,132
25,43,220,136
26,43,224,144
27,43,190,147
28,43,188,152
29,43,187,157
30,43,185,162
31,43,180,176
32,43,183,176
33,43,186,177
34,43,190,176
35,43,194,175
36,43,172,154
37,43,175,151
38,43,179,151
39,43,183,151
40,43,179,152
41,43,175,153
42,43,202,151
43,43,206,150
44,43,210,150
45,43,214,152
46,43,209,152
47,43,205,151
48,43,176,203
49,43,176,194
50,43,181,190
51,43,185,191
52,43,188,190
53,43,194,193
54,43,198,202
55,43,194,207
56,43,189,209
57,43,185,210
58,43,181,211
59,43,176,209
60,43,178,202
61,43,181,195
62,43,185,195
63,43,188,195
64,43,196,201
65,43,189,205
66,43,185,205
67,43,182,205
0,44,161,160
1,44,159,171
2,44,159,183
3,44,160,195
4,44,162,208
5,44,166,221
6,44,171,231
7,44,178,238
8,44,187,240
9,44,197,239
10,44,208,233
11,44,219,226
12,44,228,218
13,44,235,207
14,44,239,193
15,44,239,178
16,44,239,163
17,44,166,143
18,44,167,139
19,44,170,137
20,44,174,137
21,44,179,139
22,44,194,137
23,44,201,135
24,44,207,135
25,44,214,137
26,44,219,142
27,44,185,151
28,44,184,157
29,44,182,164
30,44,180,171
31,44,178,181
32,44,180,182
33,44,183,182
34,44,187,182
35,44,191,181
36,44,170,155
37,44,172,152
38,44,176,152
39,44,180,154
40,44,176,155
41,44,173,155
42,44,199,153
43,44,202,151
44,44,207,151
45,44,211,153
46,44,207,154
47,44,202,154
48,44,175,202
49,44,175,195
50,44,180,192
51,44,183,192
52,44,187,191
53,44,194,194
54,44,199,202
55,44,194,208
56,44,188,211
57,44,184,212
58,44,180,212
59,44,176,209
60,44,177,202
61,44,180,197
62,44,183,197
63,44,187,197
64,44,195,202
65,44,188,205
66,44,184,206
67,44,181,206
0,45,160,160
1,45,158,170
2,45,158,182
3,45,159,194
4,45,161,206
5,45,164,218
6,45,169,229
7,45,176,237
8,45,185,240
9,45,196,238
10,45,207,233
11,45,218,225
12,45,227,216
13,45,235,205
14,45,238,192
15,45,240,177
16,45,240,163
17,45,164,143
18,45,166,139
19,45,168,137
20,45,173,137
21,45,177,139
22,45,192,137
23,45,199,134
24,45,206,134
25,45,213,136
26,45,219,142
27,45,183,150
28,45,182,157
29,45,180,163
30,45,179,170
31,45,176,180
32,45,178,181
33,45,181,181
34,45,185,181
35,45,189,180
36,45,168,154
37,45,170,152
38,45,174,151
39,45,178,153
40,45,174,154
41,45,171,154
42,45,198,152
43,45,201,150
44,45,205,151
45,45,209,152
46,45,205,153
47,45,201,153
48,45,175,202
49,45,174,194
50,45,178,191
51,45,182,192
52,45,185,191
53,45,192,194
54,45,197,201
55,45,193,207
56,45,187,211
57,45,183,212
58,45,179,212
59,45,175,208
60,45,177,201
61,45,179,196
62,45,182,196
63,45,185,196
64,45,194,201
65,45,186,205
66,45,183,206
67,45,179,205
0,46,162,159
1,46,160,169
2,46,160,181
3,46,161,193
4,46,163,204
5,46,167,217
6,46,172,228
7,46,178,237
8,46,186,240
9,46,197,239
10,46,208,233
11,46,220,226
12,46,230,217
13,46,238,206
14,46,244,193
15,46,246,178
16,46,247,163
17,46,164,143
18,46,166,139
19,46,169,137
20,46,173,138
21,46,177,140
22,46,188,137
23,46,196,135
24,46,205,134
25,46,213,136
26,46,221,142
27,46,182,151
28,46,180,157
29,46,178,164
30,46,176,171
31,46,174,179
32,46,176,181
33,46,179,182
34,46,184,181
35,46,188,179
36,46,169,154
37,46,171,151
38,46,175,151
39,46,178,153
40,46,175,154
41,46,172,155
42,46,197,152
43,46,201,149
44,46,205,150
45,46,210,152
46,46,205,153
47,46,201,152
48,46,177,201
49,46,174,193
50,46,177,190
51,46,180,191
52,46,184,190
53,46,192,193
54,46,199,201
55,46,194,209
56,46,187,212
57,46,182,213
58,46,178,212
59,46,175,208
60,46,178,200
61,46,178,195
62,46,181,195
63,46,185,195
64,46,196,201
65,46,186,206
66,46,182,206
67,46,178,205
0,47,162,162
1,47,160,173
2,47,159,184
3,47,160,196
4,47,161,208
5,47,165,220
6,47,170,231
7,47,176,238
8,47,185,241
9,47,195,239
10,47,206,233
11,47,217,227
12,47,226,218
13,47,234,208
14,47,238,195
15,47,239,182
16,47,239,168
17,47,166,147
18,47,167,141
19,47,171,137
20,47,177,135
21,47,182,137
22,47,196,134
23,47,202,131
24,47,211,132
25,47,217,136
26,47,221,143
27,47,188,147
28,47,187,152
29,47,185,157
30,47,184,162
31,47,179,175
32,47,182,176
33,47,185,177
34,47,189,176
35,47,193,174
36,47,171,154
37,47,174,152
38,47,177,151
39,47,182,152
40,47,178,153
41,47,174,154
42,47,200,150
43,47,204,149
44,47,208,149
45,47,212,151
46,47,207,151
47,47,203,151
48,47,175,202
49,47,175,193
50,47,180,189
51,47,184,190
52,47,187,189
53,47,193,192
54,47,198,201
55,47,193,207
56,47,188,209
57,47,184,209
58,47,180,210
59,47,176,208
60,47,177,201
61,47,181,194
62,47,184,194
63,47,187,194
64,47,195,201
65,47,188,204
66,47,184,205
67,47,181,205
0,48,163,160
1,48,160,171
2,48,160,183
3,48,160,195
4,48,162,208
5,48,165,220
6,48,170,230
7,48,177,237
8,48,186,239
9,48,196,238
10,48,207,233
11,48,218,226
12,48,227,217
13,48,235,208
14,48,240,194
15,48,240,180
16,48,240,166
17,48,167,144
18,48,167,139
19,48,171,134
20,48,177,132
21,48,183,135
22,48,197,132
23,48,204,129
24,48,212,130
25,48,218,134
26,48,223,141
27,48,189,146
28,48,187,151
29,48,186,156
30,48,185,162
31,48,181,175
32,48,183,176
33,48,186,176
34,48,190,175
35,48,194,174
36,48,171,153
37,48,174,150
38,48,178,149
39,48,183,150
40,48,178,151
41,48,175,152
42,48,201,149
43,48,205,147
44,48,209,148
45,48,213,150
46,48,208,150
47,48,204,149
48,48,177,202
49,48,176,193
50,48,181,189
51,48,185,190
52,48,188,189
53,48,194,192
54,48,199,200
55,48,194,206
56,48,189,208
57,48,185,209
58,48,181,209
59,48,177,208
60,48,179,201
61,48,181,195
62,48,185,194
63,48,188,194
64,48,196,200
65,48,189,203
66,48,185,204
67,48,182,204
0,49,164,158
1,49,161,169
2,49,160,181
3,49,161,194
4,49,162,206
5,49,165,219
6,49,171,230
7,49,178,237
8,49,187,239
9,49,198,238
10,49,209,232
11,49,220,225
12,49,229,216
13,49,237,206
14,49,240,193
15,49,241,179
16,49,241,166
17,49,169,145
18,49,169,139
19,49,173,133
20,49,180,131
21,49,186,133
22,49,199,131
23,49,207,128
24,49,215,129
25,49,222,135
26,49,225,143
27,49,191,146
28,49,189,150
29,49,188,155
30,49,186,161
31,49,182,175
32,49,184,175
33,49,187,176
34,49,191,175
35,49,195,174
36,49,173,152
37,49,176,148
38,49,181,148
39,49,185,150
40,49,180,152
41,49,176,152
42,49,202,149
43,49,207,146
44,49,211,146
45,49,214,150
46,49,210,150
47,49,206,149
48,49,177,202
49,49,177,193
50,49,182,189
51,49,185,189
52,49,189,188
53,49,195,192
54,49,200,201
55,49,195,206
56,49,190,208
57,49,186,209
58,49,182,209
59,49,178,208
60,49,180,201
61,49,182,195
62,49,186,194
63,49,189,194
64,49,197,200
65,49,190,203
66,49,186,203
67,49,183,203
0,50,164,158
1,50,161,169
2,50,161,181
3,50,161,193
4,50,162,206
5,50,165,218
6,50,170,229
7,50,177,236
8,50,186,239
9,50,197,238
10,50,209,232
11,50,220,226
12,50,229,217
13,50,236,207
14,50,240,194
15,50,241,180
16,50,241,167
17,50,167,144
18,50,168,137
19,50,172,133
20,50,178,130
21,50,185,132
22,50,199,131
23,50,207,128
24,50,216,130
25,50,222,135
26,50,226,144
27,50,191,145
28,50,189,150
29,50,187,156
30,50,186,162
31,50,181,174
32,50,184,176
33,50,187,176
34,50,191,175
35,50,195,174
36,50,172,152
37,50,175,148
38,50,180,147
39,50,184,150
40,50,180,151
41,50,175,151
42,50,203,149
43,50,207,146
44,50,212,147
45,50,215,151
46,50,211,151
47,50,206,150
48,50,177,202
49,50,177,193
50,50,182,188
51,50,185,189
52,50,189,188
53,50,194,192
54,50,200,201
55,50,195,206
56,50,190,208
57,50,186,209
58,50,182,209
59,50,177,208
60,50,179,201
61,50,182,194
62,50,185,194
63,50,189,194
64,50,197,200
65,50,190,203
66,50,186,203
67,50,182,203
0,51,164,158
1,51,161,169
2,51,160,181
3,51,161,194
4,51,162,207
5,51,165,219
6,51,170,230
7,51,177,237
8,51,187,239
9,51,197,238
10,51,209,233
11,51,219,226
12,51,229,218
13,51,236,208
14,51,240,194
15,51,240,180
16,51,240,165
17,51,168,143
18,51,168,137
19,51,172,132
20,51,178,130
21,51,184,132
22,51,198,131
23,51,206,128
24,51,214,129
25,51,220,134
26,51,224,143
27,51,190,145
28,51,189,150
29,51,187,155
30,51,186,161
31,51,181,174
32,51,184,175
33,51,187,175
34,51,191,174
35,51,195,173
36,51,173,150
37,51,175,146
38,51,179,146
39,51,183,148
40,51,179,149
41,51,176,150
42,51,202,147
43,51,206,144
44,51,210,145
45,51,214,149
46,51,210,149
47,51,205,148
48,51,177,201
49,51,177,192
50,51,182,188
51,51,185,189
52,51,189,188
53,51,194,192
54,51,199,201
55,51,194,206
56,51,189,207
57,51,185,208
58,51,182,208
59,51,177,207
60,51,179,200
61,51,182,194
62,51,185,193
63,51,189,193
64,51,197,200
65,51,189,203
66,51,185,203
67,51,182,203
0,52,163,159
1,52,161,170
2,52,160,182
3,52,161,195
4,52,162,207
5,52,165,219
6,52,171,229
7,52,178,236
8,52,187,238
9,52,198,237
10,52,209,231
11,52,220,225
12,52,229,216
13,52,236,207
14,52,240,194
15,52,240,179
16,52,240,165
17,52,167,144
18,52,167,137
19,52,171,132
20,52,177,130
21,52,183,132
22,52,198,130
23,52,206,127
24,52,214,128
25,52,220,133
26,52,223,141
27,52,190,144
28,52,188,150
29,52,187,155
30,52,185,161
31,52,181,173
32,52,183,174
33,52,186,175
34,52,191,174
35,52,194,172
36,52,172,150
37,52,174,146
38,52,178,145
39,52,182,148
40,52,178,149
41,52,175,150
42,52,201,147
43,52,205,143
44,52,210,144
45,52,213,148
46,52,209,148
47,52,205,147
48,52,177,201
49,52,177,192
50,52,182,188
51,52,185,189
52,52,189,188
53,52,194,191
54,52,199,200
55,52,194,205
56,52,189,207
57,52,185,208
58,52,182,208
59,52,177,207
60,52,179,200
61,52,182,193
62,52,185,193
63,52,189,193
64,52,196,199
65,52,189,202
66,52,185,203
67,52,182,203
0,53,162,162
1,53,160,173
2,53,159,185
3,53,160,198
4,53,161,210
5,53,164,222
6,53,170,232
7,53,177,238
8,53,186,240
9,53,196,238
10,53,207,233
11,53,217,226
12,53,225,218
13,53,233,208
14,53,237,195
15,53,238,182
16,53,238,168
17,53,166,145
18,53,166,137
19,53,170,131
20,53,176,129
21,53,182,131
22,53,197,129
23,53,204,126
24,53,212,127
25,53,218,132
26,53,222,141
27,53,188,145
28,53,187,150
29,53,185,155
30,53,184,161
31,53,180,174
32,53,182,175
33,53,185,175
34,53,189,175
35,53,193,173
36,53,171,152
37,53,173,147
38,53,177,146
39,53,181,149
40,53,177,150
41,53,174,151
42,53,200,147
43,53,204,144
44,53,208,144
45,53,211,149
46,53,208,148
47,53,204,148
48,53,176,203
49,53,176,193
50,53,181,189
51,53,184,189
52,53,188,188
53,53,193,191
54,53,197,201
55,53,193,206
56,53,188,207
57,53,185,208
58,53,181,209
59,53,176,207
60,53,178,202
61,53,181,195
62,53,185,194
63,53,188,194
64,53,195,200
65,53,188,202
66,53,185,203
67,53,181,203
0,54,162,161
1,54,159,172
2,54,159,184
3,54,159,196
4,54,161,208
5,54,164,220
6,54,169,231
7,54,176,237
8,54,185,239
9,54,196,238
10,54,207,232
11,54,218,225
12,54,227,216
13,54,235,207
14,54,239,193
15,54,239,179
16,54,239,165
17,54,165,145
18,54,165,138
19,54,169,132
20,54,175,130
21,54,181,131
22,54,195,129
23,54,203,127
24,54,211,128
25,54,217,133
26,54,221,141
27,54,188,146
28,54,186,151
29,54,185,156
30,54,183,162
31,54,179,175
32,54,182,176
33,54,185,176
34,54,189,176
35,54,193,174
36,54,170,152
37,54,172,148
38,54,176,147
39,54,180,149
40,54,177,151
41,54,173,152
42,54,200,148
43,54,204,145
44,54,208,145
45,54,211,149
46,54,207,149
47,54,203,149
48,54,176,203
49,54,175,194
50,54,180,189
51,54,184,190
52,54,187,189
53,54,192,192
54,54,197,201
55,54,192,206
56,54,187,208
57,54,183,209
58,54,180,209
59,54,176,208
60,54,177,201
61,54,181,195
62,54,184,195
63,54,187,195
64,54,195,201
65,54,187,203
66,54,184,204
67,54,180,204
0,55,162,162
1,55,160,171
2,55,159,183
3,55,160,195
4,55,161,207
5,55,164,219
6,55,169,230
7,55,176,237
8,55,186,239
9,55,197,237
10,55,208,232
11,55,219,224
12,55,228,216
13,55,235,206
14,55,239,193
15,55,239,178
16,55,239,164
17,55,165,147
18,55,165,139
19,55,169,134
20,55,175,132
21,55,182,133
22,55,195,130
23,55,203,127
24,55,211,128
25,55,217,133
26,55,221,142
27,55,187,145
28,55,186,151
29,55,185,156
30,55,183,162
31,55,179,174
32,55,182,175
33,55,185,176
34,55,189,175
35,55,192,173
36,55,171,152
37,55,173,148
38,55,176,147
39,55,180,149
40,55,177,151
41,55,173,152
42,55,200,148
43,55,203,144
44,55,208,145
45,55,211,149
46,55,207,149
47,55,203,148
48,55,176,203
49,55,175,193
50,55,180,189
51,55,184,189
52,55,187,188
53,55,193,192
54,55,198,201
55,55,193,206
56,55,188,208
57,55,184,208
58,55,180,209
59,55,176,207
60,55,178,202
61,55,180,194
62,55,184,194
63,55,187,194
64,55,195,200
65,55,188,203
66,55,184,204
67,55,180,204
0,56,163,161
1,56,160,171
2,56,160,183
3,56,161,196
4,56,162,208
5,56,165,220
6,56,170,230
7,56,177,237
8,56,186,239
9,56,197,237
10,56,207,232
11,56,218,225
12,56,227,217
13,56,234,207
14,56,239,194
15,56,239,181
16,56,239,167
17,56,166,145
18,56,167,138
19,56,170,133
20,56,176,131
21,56,182,133
22,56,197,132
23,56,204,129
24,56,212,129
25,56,218,134
26,56,222,142
27,56,189,145
28,56,187,150
29,56,186,155
30,56,184,161
31,56,181,173
32,56,183,174
33,56,186,175
34,56,190,174
35,56,193,172
36,56,171,152
37,56,174,147
38,56,178,147
39,56,182,149
40,56,178,150
41,56,174,151
42,56,200,147
43,56,204,144
44,56,208,145
45,56,212,149
46,56,208,149
47,56,204,148
48,56,176,201
49,56,176,191
50,56,181,187
51,56,185,188
52,56,188,187
53,56,194,190
54,56,198,200
55,56,194,205
56,56,189,207
57,56,185,208
58,56,181,208
59,56,177,206
60,56,178,200
61,56,181,193
62,56,185,193
63,56,188,193
64,56,196,199
65,56,189,202
66,56,185,203
67,56,181,203
0,57,162,163
1,57,160,172
2,57,160,183
3,57,161,195
4,57,162,207
5,57,165,219
6,57,170,229
7,57,177,236
8,57,186,238
9,57,197,237
10,57,208,231
11,57,219,224
12,57,228,216
13,57,236,206
14,57,239,193
15,57,240,179
16,57,239,165
17,57,166,146
18,57,166,138
19,57,170,132
20,57,176,130
21,57,182,131
22,57,196,129
23,57,204,126
24,57,212,128
25,57,218,133
26,57,222,142
27,57,188,145
28,57,187,150
29,57,186,155
30,57,184,161
31,57,181,173
32,57,183,174
33,57,186,175
34,57,190,174
35,57,193,172
36,57,171,152
37,57,173,147
38,57,177,146
39,57,181,149
40,57,177,150
41,57,174,151
42,57,201,147
43,57,204,144
44,57,209,145
45,57,212,149
46,57,208,149
47,57,204,148
48,57,177,200
49,57,176,191
50,57,181,187
51,57,185,188
52,57,189,187
53,57,194,190
54,57,199,200
55,57,194,205
56,57,189,207
57,57,185,208
58,57,181,208
59,57,177,207
60,57,179,199
61,57,182,193
62,57,185,193
63,57,189,193
64,57,196,199
65,57,189,202
66,57,185,203
67,57,182,203
0,58,162,162
1,58,160,172
2,58,160,184
3,58,160,196
4,58,162,208
5,58,165,220
6,58,170,230
7,58,177,236
8,58,186,238
9,58,196,237
10,58,208,232
11,58,219,225
12,58,229,216
13,58,236,206
14,58,240,194
15,58,240,180
16,58,240,165
17,58,165,147
18,58,165,139
19,58,169,133
20,58,175,130
21,58,181,131
22,58,196,129
23,58,204,126
24,58,212,128
25,58,218,133
26,58,222,141
27,58,188,145
28,58,187,150
29,58,186,155
30,58,184,161
31,58,181,174
32,58,183,175
33,58,186,175
34,58,190,175
35,58,194,173
36,58,171,152
37,58,173,147
38,58,177,146
39,58,181,149
40,58,177,150
41,58,174,151
42,58,201,147
43,58,205,144
44,58,209,144
45,58,212,148
46,58,208,148
47,58,204,147
48,58,177,201
49,58,176,192
50,58,181,188
51,58,185,189
52,58,188,188
53,58,194,191
54,58,199,200
55,58,194,204
56,58,189,206
57,58,185,207
58,58,181,207
59,58,177,206
60,58,178,200
61,58,182,193
62,58,185,193
63,58,188,193
64,58,196,199
65,58,189,202
66,58,185,202
67,58,182,202
0,59,162,162
1,59,160,173
2,59,159,184
3,59,160,196
4,59,161,209
5,59,164,221
6,59,169,231
7,59,176,238
8,59,185,240
9,59,196,238
10,59,207,233
11,59,217,226
12,59,226,218
13,59,234,208
14,59,238,195
15,59,238,181
16,59,238,167
17,59,165,146
18,59,165,139
19,59,169,133
20,59,175,131
21,59,181,133
22,59,196,131
23,59,203,128
24,59,211,129
25,59,218,133
26,59,221,141
27,59,188,146
28,59,187,151
29,59,185,156
30,59,184,162
31,59,180,174
32,59,182,175
33,59,185,176
34,59,189,175
35,59,193,173
36,59,170,153
37,59,172,148
38,59,176,148
39,59,181,150
40,59,177,151
41,59,173,152
42,59,200,148
43,59,204,145
44,59,208,146
45,59,212,149
46,59,208,149
47,59,204,149
48,59,176,203
49,59,176,193
50,59,181,189
51,59,184,189
52,59,188,189
53,59,193,192
54,59,198,201
55,59,194,206
56,59,188,208
57,59,185,209
58,59,181,209
59,59,176,208
60,59,178,202
61,59,181,195
62,59,185,194
63,59,188,194
64,59,196,200
65,59,188,203
66,59,185,203
67,59,181,204
0,60,162,163
1,60,160,174
2,60,159,186
3,60,160,198
4,60,161,210
5,60,164,222
6,60,169,232
7,60,176,238
8,60,185,240
9,60,196,238
10,60,207,234
11,60,217,227
12,60,226,219
13,60,234,209
14,60,238,197
15,60,238,183
16,60,238,169
17,60,166,146
18,60,166,140
19,60,169,134
20,60,175,132
21,60,180,134
22,60,196,132
23,60,203,130
24,60,211,130
25,60,217,134
26,60,222,142
27,60,187,146
28,60,186,151
29,60,185,156
30,60,183,161
31,60,179,174
32,60,182,175
33,60,185,176
34,60,189,175
35,60,193,173
36,60,170,153
37,60,172,149
38,60,177,148
39,60,181,150
40,60,177,151
41,60,173,152
42,60,200,149
43,60,204,146
44,60,208,146
45,60,212,150
46,60,208,150
47,60,203,149
48,60,175,203
49,60,175,193
50,60,180,189
51,60,184,190
52,60,188,189
53,60,193,192
54,60,198,201
55,60,193,206
56,60,188,208
57,60,184,209
58,60,180,209
59,60,175,208
60,60,177,202
61,60,180,194
62,60,184,194
63,60,188,194
64,60,195,200
65,60,188,203
66,60,184,204
67,60,180,204
0,61,162,160
1,61,160,171
2,61,159,183
3,61,159,195
4,61,161,208
5,61,164,220
6,61,170,230
7,61,177,237
8,61,186,239
9,61,196,238
10,61,207,232
11,61,217,225
12,61,227,217
13,61,235,207
14,61,239,194
15,61,240,180
16,61,240,166
17,61,165,146
18,61,166,140
19,61,170,136
20,61,176,134
21,61,182,136
22,61,197,134
23,61,204,131
24,61,213,132
25,61,219,136
26,61,223,143
27,61,189,147
28,61,187,152
29,61,186,157
30,61,184,162
31,61,180,175
32,61,182,176
33,61,186,176
34,61,190,176
35,61,194,174
36,61,171,153
37,61,173,150
38,61,177,149
39,61,182,151
40,61,178,152
41,61,174,153
42,61,200,149
43,61,205,148
44,61,209,149
45,61,213,151
46,61,208,151
47,61,204,150
48,61,176,202
49,61,176,193
50,61,181,189
51,61,184,190
52,61,188,189
53,61,193,192
54,61,198,201
55,61,194,206
56,61,189,208
57,61,185,209
58,61,181,209
59,61,176,207
60,61,178,201
61,61,181,194
62,61,185,194
63,61,188,194
64,61,195,200
65,61,189,203
66,61,185,203
67,61,181,203
0,62,162,161
1,62,160,172
2,62,159,184
3,62,160,196
4,62,162,208
5,62,164,220
6,62,169,230
7,62,177,236
8,62,186,238
9,62,196,237
10,62,207,232
11,62,218,226
12,62,227,217
13,62,234,208
14,62,238,195
15,62,239,182
16,62,239,168
17,62,167,146
18,62,167,140
19,62,171,134
20,62,177,132
21,62,182,134
22,62,196,132
23,62,203,129
24,62,212,130
25,62,218,135
26,62,222,142
27,62,189,146
28,62,187,150
29,62,186,155
30,62,184,160
31,62,180,173
32,62,183,174
33,62,186,175
34,62,190,174
35,62,193,173
36,62,171,153
37,62,174,150
38,62,178,149
39,62,182,150
40,62,178,151
41,62,174,152
42,62,200,149
43,62,204,148
44,62,209,148
45,62,212,151
46,62,208,151
47,62,204,150
48,62,176,201
49,62,176,192
50,62,181,187
51,62,184,188
52,62,188,187
53,62,193,190
54,62,198,200
55,62,193,205
56,62,189,207
57,62,185,207
58,62,181,208
59,62,176,207
60,62,178,200
61,62,181,193
62,62,184,193
63,62,188,192
64,62,195,199
65,62,189,202
66,62,185,202
67,62,181,203
0,63,164,159
1,63,161,170
2,63,160,182
3,63,161,195
4,63,162,207
5,63,165,219
6,63,170,230
7,63,177,236
8,63,186,239
9,63,197,237
10,63,208,232
11,63,218,225
12,63,228,218
13,63,235,208
14,63,239,196
15,63,240,182
16,63,241,168
17,63,168,144
18,63,170,138
19,63,174,133
20,63,181,131
21,63,187,134
22,63,198,132
23,63,206,129
24,63,214,130
25,63,221,136
26,63,224,144
27,63,191,146
28,63,189,151
29,63,187,155
30,63,186,161
31,63,181,173
32,63,184,175
33,63,187,175
34,63,191,174
35,63,195,173
36,63,173,153
37,63,176,150
38,63,180,149
39,63,185,150
40,63,180,152
41,63,177,152
42,63,202,149
43,63,207,148
44,63,211,149
45,63,214,151
46,63,210,151
47,63,206,150
48,63,177,201
49,63,177,192
50,63,182,188
51,63,185,189
52,63,189,188
53,63,194,191
54,63,199,200
55,63,194,206
56,63,189,208
57,63,185,208
58,63,182,209
59,63,177,207
60,63,179,200
61,63,182,193
62,63,185,193
63,63,189,193
64,63,196,200
65,63,190,203
66,63,186,203
67,63,183,203
0,64,164,159
1,64,161,170
2,64,160,182
3,64,161,195
4,64,162,207
5,64,165,219
6,64,170,230
7,64,177,236
8,64,187,238
9,64,197,237
10,64,208,231
11,64,219,225
12,64,229,217
13,64,236,207
14,64,240,195
15,64,241,181
16,64,241,167
17,64,168,146
18,64,169,140
19,64,174,135
20,64,180,133
21,64,186,135
22,64,199,133
23,64,206,130
24,64,214,131
25,64,221,135
26,64,224,143
27,64,191,147
28,64,190,151
29,64,188,156
30,64,187,161
31,64,181,175
32,64,184,176
33,64,187,176
34,64,191,175
35,64,196,174
36,64,173,154
37,64,176,150
38,64,180,150
39,64,184,151
40,64,180,152
41,64,176,153
42,64,202,150
43,64,207,148
44,64,211,149
45,64,215,152
46,64,210,152
47,64,206,151
48,64,177,202
49,64,177,192
50,64,182,188
51,64,186,189
52,64,189,187
53,64,195,191
54,64,199,201
55,64,195,206
56,64,190,208
57,64,186,209
58,64,182,209
59,64,178,207
60,64,179,200
61,64,182,193
62,64,186,193
63,64,189,193
64,64,196,200
65,64,190,203
66,64,186,203
67,64,183,203
0,65,163,160
1,65,160,171
2,65,160,184
3,65,161,196
4,65,162,208
5,65,165,220
6,65,171,230
7,65,178,236
8,65,187,238
9,65,197,237
10,65,208,232
11,65,219,225
12,65,228,217
13,65,236,207
14,65,240,194
15,65,240,181
16,65,240,167
17,65,167,145
18,65,168,139
19,65,172,135
20,65,178,134
21,65,184,136
22,65,199,134
23,65,206,131
24,65,214,132
25,65,220,136
26,65,224,143
27,65,191,147
28,65,190,151
29,65,188,156
30,65,187,161
31,65,181,175
32,65,184,176
33,65,188,176
34,65,192,176
35,65,195,175
36,65,172,153
37,65,175,150
38,65,179,150
39,65,183,151
40,65,179,152
41,65,175,153
42,65,202,150
43,65,206,148
44,65,211,149
45,65,215,152
46,65,210,152
47,65,206,151
48,65,177,202
49,65,177,192
50,65,182,187
51,65,186,188
52,65,190,187
53,65,195,191
54,65,199,201
55,65,195,206
56,65,190,208
57,65,186,209
58,65,182,209
59,65,177,207
60,65,179,201
61,65,182,193
62,65,186,193
63,65,190,192
64,65,197,200
65,65,190,202
66,65,186,203
67,65,182,203
0,66,163,159
1,66,161,170
2,66,159,182
3,66,160,194
4,66,162,206
5,66,165,218
6,66,170,229
7,66,177,236
8,66,185,238
9,66,196,237
10,66,207,232
11,66,218,225
12,66,227,217
13,66,235,207
14,66,239,194
15,66,239,180
16,66,239,166
17,66,167,146
18,66,168,140
19,66,172,135
20,66,178,134
21,66,184,136
22,66,198,134
23,66,205,131
24,66,213,131
25,66,219,135
26,66,223,143
27,66,190,146
28,66,189,151
29,66,187,155
30,66,186,161
31,66,180,174
32,66,183,174
33,66,187,175
34,66,191,174
35,66,195,173
36,66,172,153
37,66,175,150
38,66,179,149
39,66,183,151
40,66,179,152
41,66,175,152
42,66,201,150
43,66,206,148
44,66,210,148
45,66,214,151
46,66,209,151
47,66,205,150
48,66,177,201
49,66,176,191
50,66,181,187
51,66,185,188
52,66,188,187
53,66,194,190
54,66,199,200
55,66,194,205
56,66,189,207
57,66,185,208
58,66,181,208
59,66,177,206
60,66,179,200
61,66,181,193
62,66,185,192
63,66,188,192
64,66,196,200
65,66,189,202
66,66,185,203
67,66,182,203
0,67,163,159
1,67,161,170
2,67,160,182
3,67,161,194
4,67,162,207
5,67,166,219
6,67,171,229
7,67,178,236
8,67,187,238
9,67,198,236
10,67,209,231
11,67,219,223
12,67,228,215
13,67,236,205
14,67,239,192
15,67,240,179
16,67,240,165
17,67,167,146
18,67,167,139
19,67,171,135
20,67,177,133
21,67,183,135
22,67,196,133
23,67,204,130
24,67,212,130
25,67,218,134
26,67,222,141
27,67,189,146
28,67,188,151
29,67,187,155
30,67,185,161
31,67,181,174
32,67,184,175
33,67,187,175
34,67,191,174
35,67,194,172
36,67,171,153
37,67,174,151
38,67,177,150
39,67,182,150
40,67,178,151
41,67,174,152
42,67,201,149
43,67,205,148
44,67,209,148
45,67,213,151
46,67,208,150
47,67,205,150
48,67,177,202
49,67,176,192
50,67,181,187
51,67,185,188
52,67,189,187
53,67,194,190
54,67,199,200
55,67,194,205
56,67,190,207
57,67,185,208
58,67,182,208
59,67,177,207
60,67,179,201
61,67,182,193
62,67,185,192
63,67,189,192
64,67,196,199
65,67,190,202
66,67,186,203
67,67,182,203
0,68,164,160
1,68,161,171
2,68,160,183
3,68,161,196
4,68,162,208
5,68,166,220
6,68,171,231
7,68,178,237
8,68,187,239
9,68,198,238
10,68,208,232
11,68,219,225
12,68,228,217
13,68,236,208
14,68,240,195
15,68,241,182
16,68,241,168
17,68,169,145
18,68,170,139
19,68,174,135
20,68,180,133
21,68,186,136
22,68,200,134
23,68,207,131
24,68,215,131
25,68,222,136
26,68,225,143
27,68,192,147
28,68,190,152
29,68,189,156
30,68,187,162
31,68,182,175
32,68,185,176
33,68,188,176
34,68,192,176
35,68,196,174
36,68,173,153
37,68,176,151
38,68,180,150
39,68,185,151
40,68,180,152
41,68,176,153
42,68,203,150
43,68,207,149
44,68,212,150
45,68,215,152
46,68,211,152
47,68,207,151
48,68,178,203
49,68,178,193
50,68,183,188
51,68,186,189
52,68,190,188
53,68,195,192
54,68,200,202
55,68,195,207
56,68,191,209
57,68,186,210
58,68,183,210
59,68,178,208
60,68,180,202
61,68,183,194
62,68,186,194
63,68,190,194
64,68,197,201
65,68,191,203
66,68,187,204
67,68,183,204
0,69,164,159
1,69,161,171
2,69,160,183
3,69,161,196
4,69,162,209
5,69,165,221
6,69,171,231
7,69,178,238
8,69,187,240
9,69,198,239
10,69,208,233
11,69,219,226
12,69,228,218
13,69,236,208
14,69,240,195
15,69,241,182
16,69,241,168
17,69,168,146
18,69,170,140
19,69,174,135
20,69,180,134
21,69,186,136
22,69,199,134
23,69,206,131
24,69,215,132
25,69,221,137
26,69,225,144
27,69,192,147
28,69,190,152
29,69,189,156
30,69,187,162
31,69,182,175
32,69,185,176
33,69,188,177
34,69,192,176
35,69,196,175
36,69,173,154
37,69,176,151
38,69,180,150
39,69,185,151
40,69,180,152
41,69,176,153
42,69,203,150
43,69,207,149
44,69,211,150
45,69,215,152
46,69,211,152
47,69,206,151
48,69,178,203
49,69,178,194
50,69,183,189
51,69,186,190
52,69,190,189
53,69,195,193
54,69,199,202
55,69,195,207
56,69,190,209
57,69,186,210
58,69,182,210
59,69,178,209
60,69,180,202
61,69,183,195
62,69,186,195
63,69,190,195
64,69,196,201
65,69,190,204
66,69,186,204
67,69,183,204
0,70,163,159
1,70,161,170
2,70,160,182
3,70,161,194
4,70,162,207
5,70,165,219
6,70,171,229
7,70,177,236
8,70,187,239
9,70,197,237
10,70,208,232
11,70,219,225
12,70,228,217
13,70,235,207
14,70,239,194
15,70,240,181
16,70,240,167
17,70,168,147
18,70,169,141
19,70,173,137
20,70,179,136
21,70,185,137
22,70,199,135
23,70,206,133
24,70,214,134
25,70,220,138
26,70,224,145
27,70,191,148
28,70,190,153
29,70,188,157
30,70,186,163
31,70,181,176
32,70,184,176
33,70,187,177
34,70,191,176
35,70,195,175
36,70,173,153
37,70,176,151
38,70,179,150
39,70,184,151
40,70,180,152
41,70,176,153
42,70,202,151
43,70,207,149
44,70,210,150
45,70,214,152
46,70,210,152
47,70,206,151
48,70,177,202
49,70,177,193
50,70,182,188
51,70,186,189
52,70,189,188
53,70,195,192
54,70,199,201
55,70,195,206
56,70,190,208
57,70,186,209
58,70,182,209
59,70,177,207
60,70,179,201
61,70,182,194
62,70,186,193
63,70,189,193
64,70,196,200
65,70,190,203
66,70,186,203
67,70,182,203
0,71,163,159
1,71,161,170
2,71,160,181
3,71,160,194
4,71,162,206
5,71,165,219
6,71,170,229
7,71,177,236
8,71,186,238
9,71,197,237
10,71,208,232
11,71,219,225
12,71,228,217
13,71,236,207
14,71,240,194
15,71,240,180
16,71,240,166
17,71,168,145
18,71,169,139
19,71,173,135
20,71,179,134
21,71,184,135
22,71,198,134
23,71,205,131
24,71,213,132
25,71,219,136
26,71,223,143
27,71,190,147
28,71,189,151
29,71,187,156
30,71,185,161
31,71,181,174
32,71,184,175
33,71,187,175
34,71,191,175
35,71,194,173
36,71,172,153
37,71,175,150
38,71,179,150
39,71,183,150
40,71,179,152
41,71,175,152
42,71,201,150
43,71,205,148
44,71,210,149
45,71,214,151
46,71,209,151
47,71,205,151
48,71,177,202
49,71,177,192
50,71,182,187
51,71,185,188
52,71,189,187
53,71,195,191
54,71,199,201
55,71,195,206
56,71,190,208
57,71,185,209
58,71,182,209
59,71,177,207
60,71,179,200
61,71,182,193
62,71,185,193
63,71,189,193
64,71,196,200
65,71,190,203
66,71,186,203
67,71,182,203
0,72,164,158
1,72,161,169
2,72,160,180
3,72,161,193
4,72,162,205
5,72,165,218
6,72,171,229
7,72,177,236
8,72,186,239
9,72,197,237
10,72,207,232
11,72,218,225
12,72,227,217
13,72,235,207
14,72,239,195
15,72,240,181
16,72,240,168
17,72,170,144
18,72,171,138
19,72,175,133
20,72,182,132
21,72,187,134
22,72,200,133
23,72,207,130
24,72,215,131
25,72,221,136
26,72,225,144
27,72,191,146
28,72,190,150
29,72,188,155
30,72,187,160
31,72,182,173
32,72,184,175
33,72,187,175
34,72,192,175
35,72,195,173
36,72,174,152
37,72,177,150
38,72,181,149
39,72,185,150
40,72,181,151
41,72,177,152
42,72,202,149
43,72,207,148
44,72,211,149
45,72,215,152
46,72,210,152
47,72,206,151
48,72,178,201
49,72,177,192
50,72,182,187
51,72,186,188
52,72,189,187
53,72,195,191
54,72,199,201
55,72,195,206
56,72,190,208
57,72,186,209
58,72,182,209
59,72,178,207
60,72,180,200
61,72,182,193
62,72,186,193
63,72,189,193
64,72,196,200
65,72,190,203
66,72,186,203
67,72,183,203
